
                 Attainment        Max     Line search     Directional 
 Iter F-count        factor    constraint   steplength      derivative   Procedure 
    0      6              0         3e+06                                            
    1     13         0.6389     0.0009599            1           0.317     
    2     20         0.5859             0            1          -0.223    Hessian modified  
    3     27         0.5354     0.0005027            1          -0.158    Hessian modified twice  
    4     34         0.5162     1.476e-10            1          -0.158    Hessian modified twice  


N =

      0.49627
      0.99253
       1.3817
       1.0685


f_opt =

      -3.4739      -10.805   7.9426e-07


af =

       0.5162
