x =    0.77778
       1.3333
       2.5556
        3e-06

opt = -14.056