                  Objective        Max     Line search     Directional 
 Iter F-count         value    constraint   steplength      derivative   Procedure 
    0      6              0         3e+06                                            
    1     13      5.821e-10             0            1        2.99e-10     
    2     20     -3.793e-05     3.793e-05            1        -0.00622     
    3     27     -6.404e-05     6.404e-05            1        -0.00158    Hessian modified  
    4     34     -6.061e-06     6.061e-06            1         0.00975    Hessian modified  
    5     41     -2.327e-07     2.325e-07            1          0.0353    Hessian modified twice  

x =
    0.9151
    1.1274
    0.8137
    1.0082


f =
   -5.0000   -7.5000    0.0000

ans =
   8.8818e-16