x_3 =

   1.9893e-06
   4.9126e-07
        33.94
            2
   4.7891e-07
          100


f3_opt =

       9212.2


ans =

        677.7