x_2 =

          100
            3
       17.936
       16.302
            5
       25.791


f2_opt =

          124


ans =

       399.84


ans =

        13322