N =

   2.0803e-09
  -8.1257e-21
       4.9887
       3.5609
  -4.5613e-20
       1.9944


f_opt =

      -49.159   1.8723e-09        367.6


af =

      0.93472