N =

     0.018152
   0.00019544
        3.994
        2.994
     0.018675
      0.99437


f_opt =

   3.3906e+10


ans =

       37.045


ans =

      0.05525


ans =

       291.63