x1 = 17.7778 (шампанское)
x2 = 3.0000 (водка)
x3 = 3.0000 (сок)
x4 = 2.0000 (коктейль)
x5 = 5.0000 (коньяк)
x6 = 59.2540 (салат)
f1 = 369.4921 (показатель эффекта+вкуса)
f2 = 42.00002 (показатель послествий)
f3 = 5000.0000 (стоимость в гривнах всего провианта)
Вес = 47.9603