N =

    0.0207
    0.0000
    4.0657
    3.0418
    0.0170
    1.0798


opt =

   1.7604e+04


ans =

   38.0133


ans =

    0.0528


ans =

  297.8818