N =

   2.4533e-07
   2.8215e-08
       3.9322
        2.928
    1.108e-07
       0.9528


f_opt =

   0.00017149


ans =

      -36.137


ans =

   6.6812e-07


ans =

       283.42