N =

     0.020719
    2.475e-05
         4.08
       3.0674
     0.016987
       1.0794


opt =

        17603


ans =

       38.185


ans =

     0.052818


ans =

       299.58

Вес = 7.7103