x =

      0.42106
      0.68421
       3.6841
       2.7896
      0.89474
      0.36843


f =

     0.051122  -2.5469e+07       6.8531


ans =

       38.495


ans =

       7.6421


ans =

       361.58