% матрицы переходов вероятностей
p111 = 0.4; p112 = 0.5; p113 = 0.1;
p121 = 0.1; p122 = 0.7; p123 = 0.2;
p131 = 0.1; p132 = 0.7; p133 = 0.2;

p211 = 0.7; p212 = 0.2; p213 = 0.1;
p221 = 0.3; p222 = 0.6; p223 = 0.1;
p231 = 0.1; p232 = 0.7; p233 = 0.2;

p311 = 0.2; p312 = 0.5; p313 = 0.3;
p321 = 0; p322 = 0.7; p323 = 0.3;
p331 = 0; p332 = 0.2; p333 = 0.8;

% недельные доходы на рекламу
r111 = 400; r112 = 520; r113 = 600;
r121 = 300; r122 = 400; r123 = 700;
r131 = 200; r132 = 250; r133 = 500;

r211 = 1000; r212 = 1300; r213 = 1600;
r221 = 800; r222 = 1000; r223 = 1700;
r231 = 600; r232 = 700; r233 = 1100;

r311 = 400; r312 = 530; r313 = 710;
r321 = 350; r322 = 450; r323 = 800;
r331 = 250; r332 = 400; r333 = 650;

% недельные затраты на рекламу
o1 = 200;
o2 = 900;
o3 = 300;


% 3 неделя
% радио
pnew111 = p111*r111 + p112*r112 + p113*r113 - o1;
pnew112 = p121*r121 + p122*r122 + p123*r123 - o1;
pnew113 = p131*r131 + p132*r132 + p133*r133 - o1;
% телевиденье
pnew121 = p211*r211 + p212*r212 + p213*r213 - o2;
pnew122 = p221*r221 + p222*r222 + p223*r223 - o2;
pnew123 = p231*r231 + p232*r232 + p233*r233 - o2;
% газеты
pnew131 = p311*r311 + p312*r312 + p313*r313 - o3;
pnew132 = p321*r321 + p322*r322 + p323*r323 - o3;
pnew133 = p331*r331 + p332*r332 + p333*r333 - o3;


% 2 неделя
% радио
pnew211 = pnew111 + p111*pnew111 + p112*pnew132 + p113*pnew133 - o1;
pnew212 = pnew112 + p121*pnew111 + p122*pnew132 + p123*pnew133 - o1;
pnew213 = pnew113 + p131*pnew111 + p132*pnew132 + p133*pnew133 - o1;
% телевиденье
pnew221 = pnew121 + p211*pnew111 + p212*pnew132 + p213*pnew133 - o2;
pnew222 = pnew122 + p221*pnew111 + p222*pnew132 + p223*pnew133 - o2;
pnew223 = pnew123 + p231*pnew111 + p232*pnew132 + p233*pnew133 - o2;
% газеты
pnew231 = pnew131 + p311*pnew111 + p312*pnew132 + p313*pnew133 - o3;
pnew232 = pnew132 + p321*pnew111 + p322*pnew132 + p323*pnew133 - o3;
pnew233 = pnew133 + p331*pnew111 + p332*pnew132 + p333*pnew133 - o3;


% 1 неделя
% радио
pnew311 = pnew211 + p111*pnew211 + p112*pnew212 + p113*pnew233 - o1
pnew312 = pnew212 + p121*pnew211 + p122*pnew212 + p123*pnew233 - o1
pnew313 = pnew213 + p131*pnew211 + p132*pnew212 + p133*pnew233 - o1
% телевиденье
pnew321 = pnew221 + p211*pnew211 + p212*pnew212 + p213*pnew233 - o2
pnew322 = pnew222 + p221*pnew211 + p222*pnew212 + p223*pnew233 - o2
pnew323 = pnew223 + p231*pnew211 + p232*pnew212 + p233*pnew233 - o2
% газеты
pnew331 = pnew231 + p311*pnew211 + p312*pnew212 + p313*pnew233 - o3
pnew332 = pnew232 + p321*pnew211 + p322*pnew212 + p323*pnew233 - o3
pnew333 = pnew233 + p331*pnew211 + p332*pnew212 + p333*pnew233 - o3


