x0=[1;
    1;
    1;
    1];
 
A=[5 1 9 12; 
   2 3 4 1; 
   3 2 5 1;
   -1 0 0 0; 
   0 -1 0 0; 
   0 0 -1 0;
   0 0 0 -1];
 
 
 
b = [1500, 1000, 800, 0, 0, 0, 0];
 
[x, f] = fminimax(@funminmax, x0, A, b)

